$ 1 0.000005 10.20027730826997 50 5 50
R -2144 400 -2144 352 0 0 40 5 0 0 0.5
r -2144 400 -2144 528 0 10000
162 -2144 528 -2144 624 2 default-led 1 0 0 0.01
x -2202 582 -2163 585 4 24 WD
w -2144 656 -2144 736 0
f -2352 640 -2144 640 32 1.5 0.02
g -2144 736 -2144 784 0
g -1984 -1264 -1984 -1216 0
L -2304 -1392 -2416 -1392 0 1 false 5 0
x -2384 -1409 -2368 -1406 4 24 A
w -1984 -1408 -1808 -1408 0
f -2112 -1392 -1984 -1392 32 1.5 0.02
w -1984 -1376 -1984 -1296 0
r -1984 -1632 -1984 -1504 0 10000
R -1984 -1632 -1984 -1680 0 0 40 5 0 0 0.5
f -2112 -1280 -1984 -1280 32 1.5 0.02
f -1600 -1504 -1472 -1504 32 1.5 0.02
w -1472 -1600 -1472 -1520 0
f -1600 -1616 -1472 -1616 32 1.5 0.02
w -1472 -1632 -1392 -1632 0
g -1472 -1488 -1472 -1440 0
f -1600 -1056 -1472 -1056 32 1.5 0.02
R -1472 -1856 -1472 -1904 0 0 40 5 0 0 0.5
r -1472 -1856 -1472 -1728 0 10000
w -1472 -1152 -1472 -1072 0
f -1600 -1168 -1472 -1168 32 1.5 0.02
w -1472 -1184 -1392 -1184 0
g -1472 -1040 -1472 -992 0
R -1024 -1776 -1024 -1824 0 0 40 5 0 0 0.5
r -1024 -1776 -1024 -1648 0 10000
f -1152 -1632 -1024 -1632 32 1.5 0.02
w -1024 -1648 -944 -1648 0
g -1024 -1616 -1024 -1568 0
g -1616 -592 -1616 -544 0
w -1616 -624 -1536 -624 0
f -1808 -608 -1616 -608 32 1.5 0.02
r -1616 -752 -1616 -624 0 10000
R -1616 -752 -1616 -800 0 0 40 5 0 0 0.5
g -80 -1072 -80 -1024 0
w -80 -1216 0 -1216 0
f -208 -1200 -80 -1200 32 1.5 0.02
w -80 -1184 -80 -1104 0
f -208 -1088 -80 -1088 32 1.5 0.02
g -80 -1520 -80 -1472 0
w -80 -1664 0 -1664 0
f -208 -1648 -80 -1648 32 1.5 0.02
w -80 -1632 -80 -1552 0
r -80 -1792 -80 -1664 0 10000
R -80 -1792 -80 -1840 0 0 40 5 0 0 0.5
f -208 -1536 -80 -1536 32 1.5 0.02
g -608 -1296 -608 -1248 0
w -608 -1328 -528 -1328 0
f -736 -1312 -608 -1312 32 1.5 0.02
r -608 -1552 -608 -1424 0 10000
R -608 -1552 -608 -1600 0 0 40 5 0 0 0.5
R -1472 -80 -1472 -128 0 0 40 5 0 0 0.5
r -1472 -80 -1472 48 0 10000
f -1600 160 -1472 160 32 1.5 0.02
w -1472 144 -1392 144 0
g -1472 176 -1472 224 0
w -848 208 -976 208 0
w -848 128 -848 80 0
f -1072 144 -848 144 32 1.5 0.02
w -848 160 -848 208 0
R -976 -48 -976 -96 0 0 40 5 0 0 0.5
r -976 -48 -976 80 0 10000
w -976 112 -976 208 0
f -1216 96 -976 96 32 1.5 0.02
w -976 80 -848 80 0
g -976 208 -976 256 0
w -1392 -1632 -1392 -1184 0
w 0 -1664 0 -1216 0
x -2384 -1297 -2368 -1294 4 24 B
L -2304 -1280 -2416 -1280 0 0 false 5 0
w -2304 -1392 -2112 -1392 0
w -2304 -1280 -2112 -1280 0
w -1600 -1728 -2304 -1728 0
w -2304 -1392 -2304 -1728 0
w -1600 -1056 -2304 -1056 0
w -2304 -1280 -2304 -1056 0
w -1600 -1168 -1600 -1408 0
w -1808 -1408 -1600 -1408 0
w -1600 -1504 -1600 -1408 0
w -1808 -1408 -1808 -608 0
w -1392 -1632 -1152 -1632 0
w -944 -1648 -208 -1648 0
x -858 -1669 -842 -1666 4 24 S
w -208 -1088 -208 -624 0
w -1536 -624 -208 -624 0
x -869 -665 -853 -662 4 24 P
w -208 -1536 -528 -1536 0
w -528 -1328 -528 -1536 0
w -208 -1200 -736 -1200 0
w -736 -1312 -736 -1200 0
w -736 -1200 -720 832 0
L -2320 848 -2432 848 0 0 false 5 0
x -2400 831 -2362 834 4 24 S/P
w -2320 848 -720 832 0
w -1216 96 -1216 -448 0
w 0 -1664 256 -1664 0
w 256 -1664 256 -432 0
w -1216 -448 256 -432 0
w -1392 144 -1072 144 0
w -1600 160 -2320 160 0
x -2400 143 -2362 146 4 24 WE
L -2320 160 -2432 160 0 1 false 5 0
M -2352 336 -2432 336 0 2.5
x -2411 321 -2372 324 4 24 WD
w -848 80 -800 80 0
w -2352 336 -800 336 0
w -800 80 -800 336 0
g -2112 -1856 -2112 -1808 0
f -2304 -1952 -2112 -1952 32 1.5 0.02
w -2112 -1936 -2112 -1856 0
x -2170 -2010 -2154 -2007 4 24 A
162 -2112 -2064 -2112 -1968 2 default-led 1 0 0 0.01
r -2112 -2192 -2112 -2064 0 10000
R -2112 -2192 -2112 -2240 0 0 40 5 0 0 0.5
w -2304 -1728 -2304 -1952 0
R -2112 -928 -2112 -976 0 0 40 5 0 0 0.5
r -2112 -928 -2112 -800 0 10000
162 -2112 -800 -2112 -704 2 default-led 1 0 0 0.01
x -2170 -746 -2154 -743 4 24 B
w -2112 -672 -2112 -592 0
f -2304 -688 -2112 -688 32 1.5 0.02
g -2112 -592 -2112 -544 0
w -2304 -1056 -2304 -688 0
162 -1472 -1728 -1472 -1632 2 default-led 1 0 0 0.01
x -1518 -1668 -1502 -1665 4 24 S
x -2030 -1444 -2014 -1441 4 24 P
162 -1984 -1504 -1984 -1408 2 default-led 1 0 0 0.01
w -1600 -1616 -1600 -1728 0
x -1530 102 -1492 105 4 24 WE
162 -1472 48 -1472 144 2 default-led 1 0 0 0.01
x -666 -1370 -628 -1367 4 24 S/P
162 -608 -1424 -608 -1328 2 default-led 1 0 0 0.01
w -2352 640 -2352 336 0
