$ 1 0.000005 10.20027730826997 50 5 50
g -1072 1184 -1072 1248 0
r -1072 912 -1072 1040 0 10000
f -1024 1040 -944 1040 32 1.5 0.02
r -944 896 -944 1024 0 10000
g -944 1056 -944 1120 0
R -1072 912 -1072 864 0 0 40 5 0 0 0.5
R -944 896 -944 848 0 0 40 5 0 0 0.5
x -1115 1123 -1102 1126 4 24 2
x -827 1123 -814 1126 4 24 1
R -656 896 -656 848 0 0 40 5 0 0 0.5
R -784 912 -784 864 0 0 40 5 0 0 0.5
g -656 1056 -656 1120 0
r -656 896 -656 1024 0 10000
f -736 1040 -656 1040 32 1.5 0.02
r -784 912 -784 1040 0 10000
g -784 1184 -784 1248 0
x -523 1123 -510 1126 4 24 0
R -352 896 -352 848 0 0 40 5 0 0 0.5
R -480 912 -480 864 0 0 40 5 0 0 0.5
g -352 1056 -352 1120 0
r -352 896 -352 1024 0 10000
f -416 1040 -352 1040 32 1.5 0.02
r -480 912 -480 1040 0 10000
g -480 1184 -480 1248 0
w -944 1024 -880 1024 0
w -880 1024 -880 432 0
w -880 432 -32 432 0
w -352 1024 -272 1024 0
w -272 1024 -272 304 0
w -656 1024 -576 1024 0
w -576 1024 -576 368 0
w -576 368 -96 368 0
x -226 290 -213 293 4 24 0
x -223 357 -210 360 4 24 1
x -222 425 -209 428 4 24 2
w -272 304 -32 304 0
w -416 1040 -480 1040 0
w -736 1040 -784 1040 0
w -1024 1040 -1072 1040 0
w -416 1040 -416 576 0
w -416 576 32 576 0
w -736 1040 -736 656 0
w 80 656 -736 656 0
w 128 736 -1024 736 0
w -1024 1040 -1024 736 0
x -237 562 -200 565 4 24 N\s0
x -233 644 -196 647 4 24 N\s1
x -233 725 -196 728 4 24 N\s2
f 752 16 928 16 32 1.5 0.02
w 928 32 928 96 0
f 800 112 928 112 32 1.5 0.02
g 928 128 928 192 0
s -480 1040 -480 1184 0 0 false
s -784 1040 -784 1184 0 0 false
s -1072 1040 -1072 1184 0 1 false
w 80 656 80 -96 0
w 128 736 128 112 0
g 1088 -96 1088 -32 0
x 1214 -437 1227 -434 4 24 1
x 1027 -436 1064 -433 4 24 N\s1
M 1008 -416 1088 -416 0 2.5
M 1184 -416 1264 -416 0 2.5
w 1008 -112 1008 -416 0
w 1184 -128 1184 -416 0
w 1088 -128 1184 -128 0
R 1088 -256 1088 -304 0 0 40 5 0 0 0.5
r 1088 -256 1088 -128 0 10000
f 1008 -112 1088 -112 32 1.5 0.02
w 928 -80 928 0 0
R 928 -240 928 -288 0 0 40 5 0 0 0.5
r 928 -240 928 -112 0 10000
f 704 -96 928 -96 32 1.5 0.02
w 928 -112 1008 -112 0
w 1632 -112 1712 -112 0
f 1408 -96 1632 -96 32 1.5 0.02
r 1632 -240 1632 -112 0 10000
R 1632 -240 1632 -288 0 0 40 5 0 0 0.5
f 1456 0 1632 0 32 1.5 0.02
w 1632 16 1632 96 0
w 1632 -80 1632 -16 0
f 1712 -112 1792 -112 32 1.5 0.02
r 1792 -256 1792 -128 0 10000
R 1792 -256 1792 -304 0 0 40 5 0 0 0.5
w 1792 -128 1888 -128 0
w 1888 -128 1888 -416 0
w 1712 -112 1712 -416 0
M 1888 -416 1968 -416 0 2.5
M 1712 -416 1792 -416 0 2.5
x 1731 -436 1768 -433 4 24 N\s2
x 1918 -437 1931 -434 4 24 2
g 1792 -96 1792 -32 0
w 2384 -128 2464 -128 0
f 2208 -112 2384 -112 32 1.5 0.02
r 2384 -256 2384 -128 0 10000
R 2384 -256 2384 -304 0 0 40 5 0 0 0.5
w 2384 -96 2384 -32 0
f 2464 -128 2544 -128 32 1.5 0.02
r 2544 -272 2544 -144 0 10000
R 2544 -272 2544 -320 0 0 40 5 0 0 0.5
w 2544 -144 2640 -144 0
w 2640 -144 2640 -432 0
w 2464 -128 2464 -432 0
M 2640 -432 2720 -432 0 2.5
M 2464 -432 2544 -432 0 2.5
x 2483 -452 2520 -449 4 24 N\s3
x 2670 -453 2683 -450 4 24 3
g 2544 -112 2544 -48 0
w -32 304 752 304 0
w 752 16 752 304 0
w 32 576 1456 560 0
w 1456 0 1456 560 0
w -96 368 1408 368 0
w 1408 -96 1408 368 0
w 2208 -112 2208 368 0
w 1408 368 2208 368 0
w 928 96 1632 96 0
w 80 -96 704 -96 0
w 256 1456 928 1456 0
w 1632 1552 2384 1552 0
w 928 1552 1632 1552 0
w 256 1552 928 1552 0
w 2160 1344 2160 1760 0
w 2208 1440 2208 1824 0
w 1408 1360 1408 1824 0
w 1456 1456 1456 2016 0
w 704 1360 704 1760 0
g 2544 1344 2544 1408 0
x 2670 1003 2683 1006 4 24 7
x 2483 1004 2520 1007 4 24 N\s7
M 2464 1024 2544 1024 0 2.5
M 2640 1024 2720 1024 0 2.5
w 2464 1328 2464 1024 0
w 2640 1312 2640 1024 0
w 2544 1312 2640 1312 0
R 2544 1184 2544 1136 0 0 40 5 0 0 0.5
r 2544 1184 2544 1312 0 10000
f 2464 1328 2544 1328 32 1.5 0.02
w 2384 1360 2384 1424 0
w 2384 1456 2384 1552 0
f 2208 1440 2384 1440 32 1.5 0.02
R 2384 1200 2384 1152 0 0 40 5 0 0 0.5
r 2384 1200 2384 1328 0 10000
f 2160 1344 2384 1344 32 1.5 0.02
w 2384 1328 2464 1328 0
g 1792 1360 1792 1424 0
x 1918 1019 1931 1022 4 24 6
x 1731 1020 1768 1023 4 24 N\s6
M 1712 1040 1792 1040 0 2.5
M 1888 1040 1968 1040 0 2.5
w 1712 1344 1712 1040 0
w 1888 1328 1888 1040 0
w 1792 1328 1888 1328 0
R 1792 1200 1792 1152 0 0 40 5 0 0 0.5
r 1792 1200 1792 1328 0 10000
f 1712 1344 1792 1344 32 1.5 0.02
w 1632 1376 1632 1440 0
w 1632 1472 1632 1552 0
f 1456 1456 1632 1456 32 1.5 0.02
R 1632 1216 1632 1168 0 0 40 5 0 0 0.5
r 1632 1216 1632 1344 0 10000
f 1408 1360 1632 1360 32 1.5 0.02
w 1632 1344 1712 1344 0
w 928 1344 1008 1344 0
f 704 1360 928 1360 32 1.5 0.02
r 928 1216 928 1344 0 10000
R 928 1216 928 1168 0 0 40 5 0 0 0.5
w 928 1376 928 1456 0
f 1008 1344 1088 1344 32 1.5 0.02
r 1088 1200 1088 1328 0 10000
R 1088 1200 1088 1152 0 0 40 5 0 0 0.5
w 1088 1328 1184 1328 0
w 1184 1328 1184 1040 0
w 1008 1344 1008 1040 0
M 1184 1040 1264 1040 0 2.5
M 1008 1040 1088 1040 0 2.5
x 1027 1020 1064 1023 4 24 N\s5
x 1214 1019 1227 1022 4 24 5
g 1088 1360 1088 1424 0
g 416 1376 416 1424 0
w 128 2192 128 1568 0
w 80 2112 80 1472 0
w 32 2032 32 1376 0
x 542 1035 555 1038 4 24 4
x 355 1036 392 1039 4 24 N\s4
M 336 1056 416 1056 0 2.5
M 512 1056 592 1056 0 2.5
g 256 1584 256 1648 0
w 336 1360 336 1056 0
w 512 1344 512 1056 0
w 416 1344 512 1344 0
R 416 1216 416 1168 0 0 40 5 0 0 0.5
r 416 1216 416 1344 0 10000
f 336 1360 416 1360 32 1.5 0.02
w 256 1392 256 1456 0
f 128 1568 256 1568 32 1.5 0.02
w 256 1488 256 1552 0
f 80 1472 256 1472 32 1.5 0.02
R 256 1232 256 1184 0 0 40 5 0 0 0.5
r 256 1232 256 1360 0 10000
f 32 1376 256 1376 32 1.5 0.02
w 256 1360 336 1360 0
w 128 112 800 112 0
w 928 0 1008 0 0
w 1008 0 1008 160 0
w 1008 160 2080 160 0
w 2384 160 2384 -32 0
w 2384 160 2080 160 0
