$ 1 0.000005 10.20027730826997 50 5 50
g -1072 1184 -1072 1248 0
f -1024 1040 -944 1040 32 1.5 0.02
r -944 896 -944 1024 0 10000
g -944 1056 -944 1120 0
R -944 896 -944 848 0 0 40 5 0 0 0.5
x -1115 1123 -1102 1126 4 24 2
x -827 1123 -814 1126 4 24 1
g -656 1056 -656 1120 0
f -736 1040 -656 1040 32 1.5 0.02
g -784 1184 -784 1248 0
x -523 1123 -510 1126 4 24 0
R -352 896 -352 848 0 0 40 5 0 0 0.5
g -352 1056 -352 1120 0
r -352 896 -352 1024 0 10000
f -416 1040 -352 1040 32 1.5 0.02
g -480 1184 -480 1248 0
w -944 1024 -880 1024 0
w -880 1024 -880 432 0
w -880 432 -128 432 0
w -352 1024 -272 1024 0
w -272 1024 -272 304 0
w -656 1024 -576 1024 0
w -576 1024 -576 368 0
w -576 368 -48 368 0
x -226 290 -213 293 4 24 0
x -223 357 -210 360 4 24 1
x -222 425 -209 428 4 24 2
w -272 304 16 304 0
w -416 1040 -480 1040 0
w -736 1040 -784 1040 0
w -1024 1040 -1072 1040 0
w -416 1040 -416 576 0
w -416 576 16 576 0
w -736 1040 -736 656 0
w -48 656 -736 656 0
w 128 736 -1024 736 0
w -1024 1040 -1024 736 0
x -237 562 -200 565 4 24 N\s0
x -233 644 -196 647 4 24 N\s1
x -233 725 -196 728 4 24 N\s2
f 688 16 928 16 32 1.5 0.02
w 928 32 928 96 0
f 800 112 928 112 32 1.5 0.02
g 928 128 928 192 0
s -480 1040 -480 1184 0 0 false
s -784 1040 -784 1184 0 0 false
s -1072 1040 -1072 1184 0 0 false
w 80 656 240 -96 0
w 128 736 272 112 0
g 1088 -96 1088 -32 0
x 1214 -437 1227 -434 4 24 1
x 1027 -436 1064 -433 4 24 N\s1
M 1008 -416 1088 -416 0 2.5
M 1184 -416 1264 -416 0 2.5
w 1008 -112 1008 -416 0
w 1184 -128 1184 -416 0
w 1088 -128 1184 -128 0
R 1088 -256 1088 -304 0 0 40 5 0 0 0.5
r 1088 -256 1088 -128 0 10000
f 1008 -112 1088 -112 32 1.5 0.02
w 928 -80 928 0 0
R 928 -336 928 -384 0 0 40 5 0 0 0.5
r 928 -336 928 -208 0 10000
f 704 -96 928 -96 32 1.5 0.02
w 928 -112 1008 -112 0
w 1632 -112 1712 -112 0
f 1392 -96 1632 -96 32 1.5 0.02
f 1456 0 1632 0 32 1.5 0.02
w 1632 16 1632 160 0
w 1632 -80 1632 -16 0
f 1712 -112 1792 -112 32 1.5 0.02
r 1792 -256 1792 -128 0 10000
R 1792 -256 1792 -304 0 0 40 5 0 0 0.5
w 1792 -128 1888 -128 0
w 1888 -128 1888 -416 0
w 1712 -112 1712 -416 0
M 1888 -416 1968 -416 0 2.5
M 1712 -416 1792 -416 0 2.5
x 1731 -436 1768 -433 4 24 N\s2
x 1918 -437 1931 -434 4 24 2
g 1792 -96 1792 -32 0
w 2384 -128 2464 -128 0
f 2208 -112 2384 -112 32 1.5 0.02
w 2384 -96 2384 -32 0
f 2464 -128 2544 -128 32 1.5 0.02
r 2544 -272 2544 -144 0 10000
R 2544 -272 2544 -320 0 0 40 5 0 0 0.5
w 2544 -144 2640 -144 0
w 2640 -144 2640 -432 0
w 2464 -128 2464 -432 0
M 2640 -432 2720 -432 0 2.5
M 2464 -432 2544 -432 0 2.5
x 2483 -452 2520 -449 4 24 N\s3
x 2670 -453 2683 -450 4 24 3
g 2544 -112 2544 -48 0
w 16 304 560 304 0
w 688 16 560 304 0
w 16 576 1648 560 0
w 1456 0 1648 560 0
w -48 368 1392 368 0
w 1392 -96 1392 368 0
w 928 96 1632 160 0
w 240 -96 704 -96 0
g 416 1200 416 1248 0
x 542 859 555 862 4 24 4
x 355 860 392 863 4 24 N\s4
M 336 880 416 880 0 2.5
M 512 880 592 880 0 2.5
g 256 1408 256 1472 0
w 336 1184 336 880 0
w 512 1168 512 880 0
w 416 1168 512 1168 0
R 416 1040 416 992 0 0 40 5 0 0 0.5
r 416 1040 416 1168 0 10000
f 336 1184 416 1184 32 1.5 0.02
w 256 1216 256 1280 0
f -128 1392 256 1392 32 1.5 0.02
w 256 1312 256 1376 0
f -48 1296 256 1296 32 1.5 0.02
f 16 1200 256 1200 32 1.5 0.02
w 256 1184 336 1184 0
w 272 112 800 112 0
w 928 0 1008 0 0
w 1008 0 1072 160 0
w 1072 160 2384 416 0
w 2384 416 2384 -32 0
w 976 1184 1056 1184 0
f 688 1200 976 1200 32 1.5 0.02
w 976 1216 976 1280 0
f 1056 1184 1136 1184 32 1.5 0.02
r 1136 1040 1136 1168 0 10000
R 1136 1040 1136 992 0 0 40 5 0 0 0.5
w 1136 1168 1232 1168 0
w 1232 1168 1232 880 0
w 1056 1184 1056 880 0
M 1232 880 1312 880 0 2.5
M 1056 880 1136 880 0 2.5
x 1075 860 1112 863 4 24 N\s5
x 1262 859 1275 862 4 24 5
g 1136 1200 1136 1248 0
w 1680 1168 1760 1168 0
f 1520 1184 1680 1184 32 1.5 0.02
f 1408 1280 1680 1280 32 1.5 0.02
w 1680 1200 1680 1264 0
f 1760 1168 1840 1168 32 1.5 0.02
r 1840 1024 1840 1152 0 10000
R 1840 1024 1840 976 0 0 40 5 0 0 0.5
w 1840 1152 1936 1152 0
w 1936 1152 1936 864 0
w 1760 1168 1760 864 0
M 1936 864 2016 864 0 2.5
M 1760 864 1840 864 0 2.5
x 1779 844 1816 847 4 24 N\s6
x 1966 843 1979 846 4 24 6
g 1840 1184 1840 1232 0
w 2416 1152 2496 1152 0
f 2176 1168 2416 1168 32 1.5 0.02
w 2416 1184 2416 1264 0
f 2496 1152 2576 1152 32 1.5 0.02
r 2576 1008 2576 1136 0 10000
R 2576 1008 2576 960 0 0 40 5 0 0 0.5
w 2576 1136 2672 1136 0
w 2672 1136 2672 848 0
w 2496 1152 2496 848 0
M 2672 848 2752 848 0 2.5
M 2496 848 2576 848 0 2.5
x 2515 828 2552 831 4 24 N\s7
x 2702 827 2715 830 4 24 7
g 2576 1168 2576 1216 0
w -128 432 -128 1392 0
w 256 1376 976 1376 0
w 976 1376 1680 1376 0
w 1680 1296 1680 1376 0
w -48 1296 -48 656 0
w 16 1200 16 576 0
w -48 656 80 656 0
w 256 1280 976 1280 0
w 560 304 688 1200 0
w 1392 368 1408 1280 0
w 1680 1264 2416 1264 0
w 688 1200 736 1472 0
w 736 1472 2096 1472 0
w 2176 1168 2096 1472 0
w 16 1200 128 1584 0
w 128 1584 1392 1568 0
w 1520 1184 1392 1568 0
w 1392 -96 1392 -640 0
w 1392 -640 2208 -640 0
w 2208 -112 2208 -640 0
x 851 -4 864 -1 4 24 0
x 895 1180 908 1183 4 24 0
x 2345 1145 2358 1148 4 24 0
x 1566 -114 1579 -111 4 24 1
x 2319 -130 2332 -127 4 24 1
x 1614 1262 1627 1265 4 24 1
x 193 1372 206 1375 4 24 2
x 1550 -23 1587 -20 4 24 N\s0
x 174 1177 211 1180 4 24 N\s0
x 1596 1160 1633 1163 4 24 N\s0
x 175 1280 212 1283 4 24 N\s1
x 843 -117 880 -114 4 24 N\s1
x 835 99 872 102 4 24 N\s2
r -656 864 -656 1024 0 10000
R -656 864 -656 816 0 0 40 5 0 0 0.5
R -784 848 -784 800 0 0 40 5 0 0 0.5
r -784 848 -784 944 0 10000
162 -784 944 -784 1040 2 default-led 1 0 0 0.01
162 -1072 944 -1072 1040 2 default-led 1 0 0 0.01
r -1072 848 -1072 944 0 10000
R -1072 848 -1072 800 0 0 40 5 0 0 0.5
162 -480 944 -480 1040 2 default-led 1 0 0 0.01
r -480 848 -480 944 0 10000
R -480 848 -480 800 0 0 40 5 0 0 0.5
162 928 -208 928 -112 2 default-led 1 0 0 0.01
162 1632 -208 1632 -112 2 default-led 1 0 0 0.01
r 1632 -336 1632 -208 0 10000
R 1632 -336 1632 -384 0 0 40 5 0 0 0.5
162 2384 -224 2384 -128 2 default-led 1 0 0 0.01
r 2384 -352 2384 -224 0 10000
R 2384 -352 2384 -400 0 0 40 5 0 0 0.5
162 256 1088 256 1184 2 default-led 1 0 0 0.01
r 256 960 256 1088 0 10000
R 256 960 256 912 0 0 40 5 0 0 0.5
162 976 1088 976 1184 2 default-led 1 0 0 0.01
r 976 960 976 1088 0 10000
R 976 960 976 912 0 0 40 5 0 0 0.5
162 1680 1072 1680 1168 2 default-led 1 0 0 0.01
r 1680 944 1680 1072 0 10000
R 1680 944 1680 896 0 0 40 5 0 0 0.5
162 2416 1056 2416 1152 2 default-led 1 0 0 0.01
r 2416 928 2416 1056 0 10000
R 2416 928 2416 880 0 0 40 5 0 0 0.5
