$ 1 0.000005 10.20027730826997 50 5 50
g -1072 1184 -1072 1248 0
r -1072 912 -1072 1040 0 10000
f -1024 1040 -944 1040 32 1.5 0.02
r -944 896 -944 1024 0 10000
g -944 1056 -944 1120 0
R -1072 912 -1072 864 0 0 40 5 0 0 0.5
R -944 896 -944 848 0 0 40 5 0 0 0.5
x -1115 1123 -1102 1126 4 24 2
x -827 1123 -814 1126 4 24 1
R -656 896 -656 848 0 0 40 5 0 0 0.5
R -784 912 -784 864 0 0 40 5 0 0 0.5
g -656 1056 -656 1120 0
r -656 896 -656 1024 0 10000
f -736 1040 -656 1040 32 1.5 0.02
r -784 912 -784 1040 0 10000
g -784 1184 -784 1248 0
x -523 1123 -510 1126 4 24 0
R -352 896 -352 848 0 0 40 5 0 0 0.5
R -480 912 -480 864 0 0 40 5 0 0 0.5
g -352 1056 -352 1120 0
r -352 896 -352 1024 0 10000
f -416 1040 -352 1040 32 1.5 0.02
r -480 912 -480 1040 0 10000
g -480 1184 -480 1248 0
w -944 1024 -880 1024 0
w -880 1024 -880 432 0
w -880 432 -32 432 0
w -352 1024 -272 1024 0
w -272 1024 -272 304 0
w -656 1024 -576 1024 0
w -576 1024 -576 368 0
w -576 368 -96 368 0
x -226 290 -213 293 4 24 0
x -223 357 -210 360 4 24 1
x -222 425 -209 428 4 24 2
w -272 304 -32 304 0
w -416 1040 -480 1040 0
w -736 1040 -784 1040 0
w -1024 1040 -1072 1040 0
w -416 1040 -416 576 0
w -416 576 32 576 0
w -736 1040 -736 656 0
w 80 656 -736 656 0
w 128 736 -1024 736 0
w -1024 1040 -1024 736 0
x -237 562 -200 565 4 24 N\s0
x -233 644 -196 647 4 24 N\s1
x -233 725 -196 728 4 24 N\s2
w 256 -96 336 -96 0
f 32 -80 256 -80 32 1.5 0.02
r 256 -224 256 -96 0 10000
R 256 -224 256 -272 0 0 40 5 0 0 0.5
f 80 16 256 16 32 1.5 0.02
w 256 32 256 96 0
f 128 112 256 112 32 1.5 0.02
w 256 -64 256 0 0
f 336 -96 416 -96 32 1.5 0.02
r 416 -240 416 -112 0 10000
R 416 -240 416 -288 0 0 40 5 0 0 0.5
w 416 -112 512 -112 0
w 512 -112 512 -400 0
w 336 -96 336 -400 0
g 256 128 256 192 0
M 512 -400 592 -400 0 2.5
M 336 -400 416 -400 0 2.5
x 355 -420 392 -417 4 24 N\s0
x 542 -421 555 -418 4 24 0
s -480 1040 -480 1184 0 0 false
s -784 1040 -784 1184 0 0 false
s -1072 1040 -1072 1184 0 1 false
w 32 576 32 -80 0
w 80 656 80 16 0
w 128 736 128 112 0
g 416 -80 416 -32 0
g 1088 -96 1088 -32 0
x 1214 -437 1227 -434 4 24 1
x 1027 -436 1064 -433 4 24 N\s1
M 1008 -416 1088 -416 0 2.5
M 1184 -416 1264 -416 0 2.5
w 1008 -112 1008 -416 0
w 1184 -128 1184 -416 0
w 1088 -128 1184 -128 0
R 1088 -256 1088 -304 0 0 40 5 0 0 0.5
r 1088 -256 1088 -128 0 10000
f 1008 -112 1088 -112 32 1.5 0.02
w 928 -80 928 0 0
R 928 -240 928 -288 0 0 40 5 0 0 0.5
r 928 -240 928 -112 0 10000
f 704 -96 928 -96 32 1.5 0.02
w 928 -112 1008 -112 0
w 1632 -112 1712 -112 0
f 1408 -96 1632 -96 32 1.5 0.02
r 1632 -240 1632 -112 0 10000
R 1632 -240 1632 -288 0 0 40 5 0 0 0.5
f 1456 0 1632 0 32 1.5 0.02
w 1632 16 1632 96 0
w 1632 -80 1632 -16 0
f 1712 -112 1792 -112 32 1.5 0.02
r 1792 -256 1792 -128 0 10000
R 1792 -256 1792 -304 0 0 40 5 0 0 0.5
w 1792 -128 1888 -128 0
w 1888 -128 1888 -416 0
w 1712 -112 1712 -416 0
M 1888 -416 1968 -416 0 2.5
M 1712 -416 1792 -416 0 2.5
x 1731 -436 1768 -433 4 24 N\s2
x 1918 -437 1931 -434 4 24 2
g 1792 -96 1792 -32 0
w 2384 -128 2464 -128 0
f 2160 -112 2384 -112 32 1.5 0.02
r 2384 -256 2384 -128 0 10000
R 2384 -256 2384 -304 0 0 40 5 0 0 0.5
f 2208 -16 2384 -16 32 1.5 0.02
w 2384 0 2384 96 0
w 2384 -96 2384 -32 0
f 2464 -128 2544 -128 32 1.5 0.02
r 2544 -272 2544 -144 0 10000
R 2544 -272 2544 -320 0 0 40 5 0 0 0.5
w 2544 -144 2640 -144 0
w 2640 -144 2640 -432 0
w 2464 -128 2464 -432 0
M 2640 -432 2720 -432 0 2.5
M 2464 -432 2544 -432 0 2.5
x 2483 -452 2520 -449 4 24 N\s3
x 2670 -453 2683 -450 4 24 3
g 2544 -112 2544 -48 0
w 128 736 800 736 0
w 80 656 752 656 0
w -32 304 704 304 0
w 704 -96 704 304 0
w 800 736 1504 736 0
w 32 576 1456 560 0
w 1456 0 1456 560 0
w -96 368 1408 368 0
w 1408 -96 1408 368 0
w 2208 -16 2208 368 0
w 2160 -112 2160 304 0
w 1504 736 2256 736 0
w 1408 368 2208 368 0
w 704 304 2160 304 0
w 256 96 928 96 0
w 928 96 1632 96 0
w 1632 96 2384 96 0
w 256 0 928 0 0
