$ 1 0.000005 10.20027730826997 50 5 50
R -3872 688 -3872 640 0 0 40 5 0 0 0.5
r -3872 688 -3872 784 0 10000
162 -3872 784 -3872 880 2 default-led 1 0 0 0.01
s -3872 880 -3872 1024 0 0 false
w -3808 880 -3808 320 0
w -3808 880 -3872 880 0
w -3744 864 -3680 864 0
x -3915 963 -3898 966 4 24 D
R -3744 736 -3744 688 0 0 40 5 0 0 0.5
g -3744 896 -3744 960 0
r -3744 736 -3744 864 0 10000
f -3808 880 -3744 880 32 1.5 0.02
g -3872 1024 -3872 1088 0
w -3680 864 -3680 -512 0
x -3712 499 -3695 502 4 24 D
x -3856 498 -3822 501 4 24 ND
x -3344 498 -3314 501 4 24 N1
x -3200 499 -3187 502 4 24 1
w -3168 864 -3168 -80 0
g -3360 1024 -3360 1088 0
f -3296 880 -3232 880 32 1.5 0.02
r -3232 736 -3232 864 0 10000
g -3232 896 -3232 960 0
R -3232 736 -3232 688 0 0 40 5 0 0 0.5
x -3403 963 -3390 966 4 24 1
w -3232 864 -3168 864 0
w -3296 880 -3360 880 0
w -3296 880 -3296 -3360 0
s -3360 880 -3360 1024 0 1 false
r -3360 784 -3360 880 0 10000
R -3360 784 -3360 736 0 0 40 5 0 0 0.5
R -3008 784 -3008 736 0 0 40 5 0 0 0.5
r -3008 784 -3008 880 0 10000
s -3008 880 -3008 1024 0 1 false
w -2944 880 -2944 -2880 0
w -2944 880 -3008 880 0
w -2880 864 -2816 864 0
x -3051 963 -3038 966 4 24 2
R -2880 736 -2880 688 0 0 40 5 0 0 0.5
g -2880 896 -2880 960 0
r -2880 736 -2880 864 0 10000
f -2944 880 -2880 880 32 1.5 0.02
g -3008 1024 -3008 1088 0
w -2816 864 -2816 0 0
x -2848 499 -2835 502 4 24 2
x -2992 498 -2962 501 4 24 N2
R -2640 784 -2640 736 0 0 40 5 0 0 0.5
r -2640 784 -2640 880 0 10000
s -2640 880 -2640 1024 0 1 false
w -2576 880 -2576 -2240 0
w -2576 880 -2640 880 0
w -2512 864 -2448 864 0
x -2683 963 -2670 966 4 24 3
R -2512 736 -2512 688 0 0 40 5 0 0 0.5
g -2512 896 -2512 960 0
r -2512 736 -2512 864 0 10000
f -2576 880 -2512 880 32 1.5 0.02
g -2640 1024 -2640 1088 0
w -2448 864 -2448 80 0
x -2480 499 -2467 502 4 24 3
x -2624 498 -2594 501 4 24 N3
x -1552 498 -1522 501 4 24 N6
x -1408 499 -1395 502 4 24 6
w -1376 864 -1376 -656 0
g -1568 1024 -1568 1088 0
f -1504 880 -1440 880 32 1.5 0.02
r -1440 736 -1440 864 0 10000
g -1440 896 -1440 960 0
R -1440 736 -1440 688 0 0 40 5 0 0 0.5
x -1611 963 -1598 966 4 24 6
w -1440 864 -1376 864 0
w -1504 880 -1568 880 0
w -1504 880 -1504 -2016 0
s -1568 880 -1568 1024 0 1 false
r -1568 784 -1568 880 0 10000
R -1568 784 -1568 736 0 0 40 5 0 0 0.5
x -1920 498 -1890 501 4 24 N5
x -1776 499 -1763 502 4 24 5
w -1744 864 -1728 -3840 0
g -1936 1024 -1936 1088 0
f -1872 880 -1808 880 32 1.5 0.02
r -1808 736 -1808 864 0 10000
g -1808 896 -1808 960 0
R -1808 736 -1808 688 0 0 40 5 0 0 0.5
x -1979 963 -1966 966 4 24 5
w -1808 864 -1744 864 0
w -1872 880 -1936 880 0
w -1872 880 -1872 -1664 0
s -1936 880 -1936 1024 0 1 false
r -1936 784 -1936 880 0 10000
R -1936 784 -1936 736 0 0 40 5 0 0 0.5
R -2288 784 -2288 736 0 0 40 5 0 0 0.5
r -2288 784 -2288 880 0 10000
s -2288 880 -2288 1024 0 1 false
w -2224 880 -2224 -2128 0
w -2224 880 -2288 880 0
w -2160 864 -2096 864 0
x -2331 963 -2318 966 4 24 4
R -2160 736 -2160 688 0 0 40 5 0 0 0.5
g -2160 896 -2160 960 0
r -2160 736 -2160 864 0 10000
f -2224 880 -2160 880 32 1.5 0.02
g -2288 1024 -2288 1088 0
w -2096 864 -2096 -1216 0
x -2128 499 -2115 502 4 24 4
x -2272 498 -2242 501 4 24 N4
R -1200 768 -1200 720 0 0 40 5 0 0 0.5
r -1200 768 -1200 864 0 10000
s -1200 864 -1200 1008 0 0 false
w -1136 864 -1136 -1552 0
w -1136 864 -1200 864 0
w -1072 848 -1008 848 0
x -1243 947 -1230 950 4 24 7
R -1072 720 -1072 672 0 0 40 5 0 0 0.5
g -1072 880 -1072 944 0
r -1072 720 -1072 848 0 10000
f -1136 864 -1072 864 32 1.5 0.02
g -1200 1008 -1200 1072 0
w -1008 848 -992 -800 0
x -1040 483 -1027 486 4 24 7
x -1184 482 -1154 485 4 24 N7
f -3168 -80 -416 -80 32 1.5 0.02
f -2816 0 -320 0 32 1.5 0.02
w -320 -16 -320 -96 0
w -416 -96 -320 -96 0
w -224 64 -224 -96 0
w -320 -96 -224 -96 0
w -416 -64 -416 144 0
w -320 16 -320 144 0
w -224 96 -224 144 0
g -416 144 -416 192 0
R -416 -224 -416 -272 0 0 40 5 0 0 0.5
r -416 -224 -416 -96 0 10000
r 32 -240 32 -112 0 10000
R 32 -240 32 -288 0 0 40 5 0 0 0.5
g 32 64 32 112 0
w 32 64 128 64 0
w 128 0 128 64 0
w 32 -80 32 64 0
w 32 -112 128 -112 0
w 128 -32 128 -112 0
f -64 -16 128 -16 32 1.5 0.02
f -112 -96 32 -96 32 1.5 0.02
M 128 -112 240 -112 0 2.5
x 174 -135 207 -132 4 24 BD
w -64 -16 -64 304 0
w -64 304 -3808 320 0
x 129 -539 240 -536 4 24 RAM-ADR
M 128 -512 240 -512 0 2.5
w 128 -512 -3680 -512 0
M 128 -656 240 -656 0 2.5
x 129 -683 228 -680 4 24 RAM-WE
w 128 -656 -1376 -656 0
x 129 -827 223 -824 4 24 RAM-RE
M 128 -800 240 -800 0 2.5
w 128 -800 -992 -800 0
M 128 -1072 240 -1072 0 2.5
x 143 -1097 229 -1094 4 24 ALU-S\\P
w 128 -1072 -3680 -1072 0
w -3680 -512 -3680 -1072 0
x 143 -1241 236 -1238 4 24 ALU-WE
M 128 -1216 240 -1216 0 2.5
w 128 -1216 -2096 -1216 0
x 160 -1704 223 -1701 4 24 C-WE
M 128 -1680 240 -1680 0 2.5
f -1872 -1664 32 -1664 32 1.5 0.02
f -1136 -1552 32 -1552 32 1.5 0.02
w 32 -1680 128 -1680 0
w 32 -1648 32 -1568 0
g 32 -1536 32 -1488 0
R 32 -1808 32 -1856 0 0 40 5 0 0 0.5
r 32 -1808 32 -1680 0 10000
r 32 -2384 32 -2256 0 10000
R 32 -2384 32 -2432 0 0 40 5 0 0 0.5
g 32 -2000 32 -1936 0
w 32 -2224 32 -2144 0
w 32 -2256 128 -2256 0
f -2224 -2128 32 -2128 32 1.5 0.02
f -2576 -2240 32 -2240 32 1.5 0.02
M 128 -2256 240 -2256 0 2.5
x 160 -2280 218 -2277 4 24 C-RE
f -1504 -2016 32 -2016 32 1.5 0.02
w 32 -2112 32 -2032 0
w 128 -2640 -2096 -2640 0
M 128 -2640 240 -2640 0 2.5
x 151 -2669 229 -2666 4 24 AB-WE
w -2096 -1216 -2096 -2640 0
r 32 -3136 32 -3008 0 10000
R 32 -3136 32 -3184 0 0 40 5 0 0 0.5
g 32 -2864 32 -2816 0
w 32 -2976 32 -2896 0
w 32 -3008 128 -3008 0
f -2944 -2880 32 -2880 32 1.5 0.02
f -560 -2992 32 -2992 32 1.5 0.02
M 128 -3008 240 -3008 0 2.5
x 160 -3032 217 -3029 4 24 B-RE
x 160 -3512 217 -3509 4 24 A-RE
M 128 -3488 240 -3488 0 2.5
f -288 -3472 32 -3472 32 1.5 0.02
f -3296 -3360 32 -3360 32 1.5 0.02
w 32 -3488 128 -3488 0
w 32 -3456 32 -3376 0
g 32 -3344 32 -3296 0
R 32 -3616 32 -3664 0 0 40 5 0 0 0.5
r 32 -3616 32 -3488 0 10000
r -848 -4576 -848 -4448 0 10000
R -848 -4576 -848 -4624 0 0 40 5 0 0 0.5
w -848 -4448 -288 -4448 0
f -3808 -4432 -848 -4432 32 1.5 0.02
f -3680 -3952 -848 -3952 32 1.5 0.02
f -960 -3840 -848 -3840 32 1.5 0.02
w -848 -3968 -560 -3968 0
w -848 -3936 -848 -3856 0
g -848 -3824 -848 -3776 0
R -848 -4096 -848 -4144 0 0 40 5 0 0 0.5
r -848 -4096 -848 -3968 0 10000
w -288 -3472 -288 -4448 0
w -560 -2992 -560 -3968 0
w -1728 -3840 -960 -3840 0
w -848 -3856 -752 -3856 0
w -752 -3856 -752 -4416 0
w -848 -4416 -752 -4416 0
w -3808 320 -3808 -4432 0
w -3680 -1072 -3680 -3952 0
g -4448 1024 -4448 1088 0
f -4384 880 -4320 880 32 1.5 0.02
r -4320 736 -4320 864 0 10000
g -4320 896 -4320 960 0
R -4320 736 -4320 688 0 0 40 5 0 0 0.5
x -4491 963 -4474 966 4 24 C
w -4320 864 -4256 864 0
w -4384 880 -4448 880 0
162 -4448 784 -4448 880 2 default-led 1 0 0 0.01
r -4448 688 -4448 784 0 10000
R -4448 688 -4448 640 0 0 40 5 0 0 0.5
s -4448 880 -4448 1024 0 1 true
M -4256 864 -4176 864 0 2.5
M -4704 864 -4624 864 0 2.5
s -4896 880 -4896 1024 0 1 true
R -4896 688 -4896 640 0 0 40 5 0 0 0.5
r -4896 688 -4896 784 0 10000
162 -4896 784 -4896 880 2 default-led 1 0 0 0.01
w -4832 880 -4896 880 0
w -4768 864 -4704 864 0
x -4939 963 -4922 966 4 24 R
R -4768 736 -4768 688 0 0 40 5 0 0 0.5
g -4768 896 -4768 960 0
r -4768 736 -4768 864 0 10000
f -4832 880 -4768 880 32 1.5 0.02
g -4896 1024 -4896 1088 0
w -224 -96 -112 -96 0
w -224 144 -320 144 0
w -320 144 -416 144 0
f -2448 80 -224 80 32 1.5 0.02
