$ 1 0.000005 10.20027730826997 50 5 50
w 1712 544 1776 544 0
r 1712 544 1712 448 0 10000
f 1584 560 1712 560 32 1.5 0.02
R 1712 448 1712 400 0 0 40 5 0 0 0.5
L 1584 560 1520 560 0 1 false 5 0
x 1555 539 1608 542 4 24 Input
x 1837 294 1995 297 4 50 Demux
w 1712 576 1712 608 0
g 1712 608 1712 640 0
g 1712 912 1712 944 0
w 1712 880 1712 912 0
x 1555 843 1643 846 4 24 Address
L 1584 864 1520 864 0 0 false 5 0
R 1712 752 1712 704 0 0 40 5 0 0 0.5
f 1584 864 1712 864 32 1.5 0.02
r 1712 848 1712 752 0 10000
w 1712 848 1776 848 0
g 2144 640 2144 672 0
w 2144 608 2144 640 0
R 2144 400 2144 352 0 0 40 5 0 0 0.5
f 2064 592 2144 592 32 1.5 0.02
r 2144 496 2144 400 0 10000
f 2192 592 2272 592 32 1.5 0.02
w 2144 640 2272 640 0
w 2272 640 2272 608 0
w 2272 576 2272 496 0
w 2144 496 2272 496 0
w 2192 592 2192 544 0
w 2192 544 1968 544 0
w 2144 496 2144 576 0
M 2368 496 2448 496 0 2.5
w 2272 496 2368 496 0
x 2315 467 2407 470 4 24 Output\s0
x 2315 851 2407 854 4 24 Output\s1
w 2272 880 2368 880 0
M 2368 880 2448 880 0 2.5
w 2144 880 2144 960 0
w 2192 928 1968 928 0
w 2192 976 2192 928 0
w 2144 880 2272 880 0
w 2272 960 2272 880 0
w 2272 1024 2272 992 0
w 2144 1024 2272 1024 0
f 2192 976 2272 976 32 1.5 0.02
r 2144 880 2144 784 0 10000
f 2064 976 2144 976 32 1.5 0.02
R 2144 784 2144 736 0 0 40 5 0 0 0.5
w 2144 992 2144 1024 0
g 2144 1024 2144 1056 0
w 1968 928 1968 544 0
w 1776 544 1968 544 0
w 1584 864 1584 1024 0
w 1584 1024 1888 1024 0
w 2064 592 1888 592 0
w 1888 592 1888 1024 0
w 2064 976 1776 976 0
w 1776 848 1776 976 0
w 3056 560 3056 832 0
w 3472 560 3056 560 0
w 2864 1040 3472 1040 0
w 2864 848 2864 1040 0
w 2912 432 3472 432 0
w 2992 832 3056 832 0
r 2992 832 2992 736 0 10000
f 2864 848 2992 848 32 1.5 0.02
R 2992 736 2992 688 0 0 40 5 0 0 0.5
L 2864 848 2800 848 0 0 false 5 0
x 2835 827 2923 830 4 24 Address
w 2992 864 2992 896 0
g 2992 896 2992 928 0
x 2883 411 2936 414 4 24 Input
L 2912 432 2848 432 0 0 false 5 0
w 3648 560 3472 560 0
x 4091 435 4183 438 4 24 Output\s0
w 4048 464 4144 464 0
M 4144 464 4224 464 0 2.5
w 3728 480 3728 544 0
w 3728 480 3856 480 0
f 3648 656 3728 656 32 1.5 0.02
r 3728 480 3728 384 0 10000
f 3648 560 3728 560 32 1.5 0.02
R 3728 384 3728 336 0 0 40 5 0 0 0.5
w 3728 608 3728 640 0
g 3728 720 3728 752 0
w 3728 672 3728 720 0
w 3648 656 3472 656 0
w 3984 464 4048 464 0
r 3984 464 3984 368 0 10000
f 3856 480 3984 480 32 1.5 0.02
R 3984 368 3984 320 0 0 40 5 0 0 0.5
w 3984 496 3984 528 0
g 3984 528 3984 560 0
g 3984 1008 3984 1040 0
w 3984 976 3984 1008 0
R 3984 848 3984 800 0 0 40 5 0 0 0.5
f 3856 960 3984 960 32 1.5 0.02
r 3984 944 3984 848 0 10000
w 3984 944 4048 944 0
w 3728 1120 3568 1120 0
w 3728 1056 3728 1120 0
R 3728 864 3728 816 0 0 40 5 0 0 0.5
f 3648 1040 3728 1040 32 1.5 0.02
r 3728 960 3728 864 0 10000
w 3728 960 3856 960 0
w 3728 960 3728 1024 0
M 4144 944 4224 944 0 2.5
w 4048 944 4144 944 0
x 4091 915 4183 918 4 24 Output\s1
w 3648 1040 3472 1040 0
w 3568 1120 3568 608 0
w 3472 656 3472 432 0
x 3385 248 3543 251 4 50 Demux
w 3568 608 3728 608 0
w 3728 576 3728 608 0
