$ 1 0.000005 10.20027730826997 50 5 50
g 416 1200 416 1248 0
x 542 859 555 862 4 24 4
x 355 860 392 863 4 24 N\s4
M 336 880 416 880 0 2.5
M 512 880 592 880 0 2.5
g 256 1408 256 1472 0
w 336 1184 336 880 0
w 512 1168 512 880 0
w 416 1168 512 1168 0
R 416 1040 416 992 0 0 40 5 0 0 0.5
r 416 1040 416 1168 0 10000
f 336 1184 416 1184 32 1.5 0.02
w 256 1216 256 1280 0
f -128 1392 256 1392 32 1.5 0.02
w 256 1312 256 1376 0
f -48 1296 256 1296 32 1.5 0.02
f 16 1200 256 1200 32 1.5 0.02
w 256 1184 336 1184 0
x 193 1372 206 1375 4 24 2
x 174 1177 211 1180 4 24 N\s0
x 175 1280 212 1283 4 24 N\s1
162 256 1088 256 1184 2 default-led 1 0 0 0.01
r 256 960 256 1088 0 10000
R 256 960 256 912 0 0 40 5 0 0 0.5
R -3872 688 -3872 640 0 0 40 5 0 0 0.5
r -3872 688 -3872 784 0 10000
162 -3872 784 -3872 880 2 default-led 1 0 0 0.01
s -3872 880 -3872 1024 0 0 false
w -3808 880 -3808 448 0
w -3808 880 -3872 880 0
w -3744 864 -3680 864 0
x -3915 963 -3898 966 4 24 D
R -3744 736 -3744 688 0 0 40 5 0 0 0.5
g -3744 896 -3744 960 0
r -3744 736 -3744 864 0 10000
f -3808 880 -3744 880 32 1.5 0.02
g -3872 1024 -3872 1088 0
w -3680 864 -3680 448 0
x -3712 499 -3695 502 4 24 D
x -3856 498 -3822 501 4 24 ND
x -3344 498 -3314 501 4 24 N1
x -3200 499 -3187 502 4 24 1
w -3168 864 -3168 448 0
g -3360 1024 -3360 1088 0
f -3296 880 -3232 880 32 1.5 0.02
r -3232 736 -3232 864 0 10000
g -3232 896 -3232 960 0
R -3232 736 -3232 688 0 0 40 5 0 0 0.5
x -3403 963 -3390 966 4 24 1
w -3232 864 -3168 864 0
w -3296 880 -3360 880 0
w -3296 880 -3296 448 0
s -3360 880 -3360 1024 0 0 false
r -3360 784 -3360 880 0 10000
R -3360 784 -3360 736 0 0 40 5 0 0 0.5
R -3008 784 -3008 736 0 0 40 5 0 0 0.5
r -3008 784 -3008 880 0 10000
s -3008 880 -3008 1024 0 0 false
w -2944 880 -2944 448 0
w -2944 880 -3008 880 0
w -2880 864 -2816 864 0
x -3051 963 -3038 966 4 24 2
R -2880 736 -2880 688 0 0 40 5 0 0 0.5
g -2880 896 -2880 960 0
r -2880 736 -2880 864 0 10000
f -2944 880 -2880 880 32 1.5 0.02
g -3008 1024 -3008 1088 0
w -2816 864 -2816 448 0
x -2848 499 -2835 502 4 24 2
x -2992 498 -2962 501 4 24 N2
R -2640 784 -2640 736 0 0 40 5 0 0 0.5
r -2640 784 -2640 880 0 10000
s -2640 880 -2640 1024 0 0 false
w -2576 880 -2576 448 0
w -2576 880 -2640 880 0
w -2512 864 -2448 864 0
x -2683 963 -2670 966 4 24 3
R -2512 736 -2512 688 0 0 40 5 0 0 0.5
g -2512 896 -2512 960 0
r -2512 736 -2512 864 0 10000
f -2576 880 -2512 880 32 1.5 0.02
g -2640 1024 -2640 1088 0
w -2448 864 -2448 448 0
x -2480 499 -2467 502 4 24 3
x -2624 498 -2594 501 4 24 N3
x -1552 498 -1522 501 4 24 N6
x -1408 499 -1395 502 4 24 6
w -1376 864 -1376 448 0
g -1568 1024 -1568 1088 0
f -1504 880 -1440 880 32 1.5 0.02
r -1440 736 -1440 864 0 10000
g -1440 896 -1440 960 0
R -1440 736 -1440 688 0 0 40 5 0 0 0.5
x -1611 963 -1598 966 4 24 6
w -1440 864 -1376 864 0
w -1504 880 -1568 880 0
w -1504 880 -1504 448 0
s -1568 880 -1568 1024 0 0 false
r -1568 784 -1568 880 0 10000
R -1568 784 -1568 736 0 0 40 5 0 0 0.5
x -1920 498 -1890 501 4 24 N5
x -1776 499 -1763 502 4 24 5
w -1744 864 -1744 448 0
g -1936 1024 -1936 1088 0
f -1872 880 -1808 880 32 1.5 0.02
r -1808 736 -1808 864 0 10000
g -1808 896 -1808 960 0
R -1808 736 -1808 688 0 0 40 5 0 0 0.5
x -1979 963 -1966 966 4 24 5
w -1808 864 -1744 864 0
w -1872 880 -1936 880 0
w -1872 880 -1872 448 0
s -1936 880 -1936 1024 0 0 false
r -1936 784 -1936 880 0 10000
R -1936 784 -1936 736 0 0 40 5 0 0 0.5
R -2288 784 -2288 736 0 0 40 5 0 0 0.5
r -2288 784 -2288 880 0 10000
s -2288 880 -2288 1024 0 0 false
w -2224 880 -2224 448 0
w -2224 880 -2288 880 0
w -2160 864 -2096 864 0
x -2331 963 -2318 966 4 24 4
R -2160 736 -2160 688 0 0 40 5 0 0 0.5
g -2160 896 -2160 960 0
r -2160 736 -2160 864 0 10000
f -2224 880 -2160 880 32 1.5 0.02
g -2288 1024 -2288 1088 0
w -2096 864 -2096 448 0
x -2128 499 -2115 502 4 24 4
x -2272 498 -2242 501 4 24 N4
R -1200 768 -1200 720 0 0 40 5 0 0 0.5
r -1200 768 -1200 864 0 10000
s -1200 864 -1200 1008 0 0 false
w -1136 864 -1136 432 0
w -1136 864 -1200 864 0
w -1072 848 -1008 848 0
x -1243 947 -1230 950 4 24 7
R -1072 720 -1072 672 0 0 40 5 0 0 0.5
g -1072 880 -1072 944 0
r -1072 720 -1072 848 0 10000
f -1136 864 -1072 864 32 1.5 0.02
g -1200 1008 -1200 1072 0
w -1008 848 -1008 432 0
x -1040 483 -1027 486 4 24 7
x -1184 482 -1154 485 4 24 N7
