$ 1 0.000005 10.20027730826997 50 5 50
L 3008 1984 2944 1984 0 1 false 5 0
x 2979 1963 2995 1966 4 24 B
x 2979 1867 2995 1870 4 24 A
L 3008 1888 2944 1888 0 1 false 5 0
w 3888 1728 3888 1760 0
w 3888 1824 3888 1872 0
g 3888 1872 3888 1904 0
w 3888 1760 3888 1792 0
R 3888 1536 3888 1488 0 0 40 5 0 0 0.5
f 3808 1712 3888 1712 32 1.5 0.02
r 3888 1632 3888 1536 0 10000
f 3808 1808 3888 1808 32 1.5 0.02
w 3888 1632 4016 1632 0
w 3888 1632 3888 1696 0
w 3888 2160 3888 2224 0
w 3888 2160 4016 2160 0
f 3808 2336 3888 2336 32 1.5 0.02
r 3888 2160 3888 2064 0 10000
f 3808 2240 3888 2240 32 1.5 0.02
R 3888 2064 3888 2016 0 0 40 5 0 0 0.5
w 3888 2288 3888 2320 0
g 3888 2400 3888 2432 0
w 3888 2352 3888 2400 0
w 3888 2256 3888 2288 0
w 3184 1808 3184 1872 0
w 3184 1808 3312 1808 0
f 3104 1984 3184 1984 32 1.5 0.02
r 3184 1808 3184 1712 0 10000
f 3104 1888 3184 1888 32 1.5 0.02
R 3184 1712 3184 1664 0 0 40 5 0 0 0.5
w 3184 1936 3184 1968 0
g 3184 2048 3184 2080 0
w 3184 2000 3184 2048 0
w 3184 1904 3184 1936 0
x 4584 1701 4600 1704 4 24 S
w 3312 1808 3408 1808 0
M 4560 1728 4640 1728 0 2.5
w 3008 1888 3104 1888 0
w 3008 1984 3104 1984 0
x 3421 1437 3490 1440 4 50 HS
M 4560 2432 4640 2432 0 2.5
x 4577 2402 4593 2405 4 24 P
w 4160 1904 4256 1904 0
w 4160 1808 4256 1808 0
w 4464 1728 4560 1728 0
w 4336 1824 4336 1856 0
w 4336 1920 4336 1968 0
g 4336 1968 4336 2000 0
w 4336 1856 4336 1888 0
R 4336 1632 4336 1584 0 0 40 5 0 0 0.5
f 4256 1808 4336 1808 32 1.5 0.02
r 4336 1728 4336 1632 0 10000
f 4256 1904 4336 1904 32 1.5 0.02
w 4336 1728 4464 1728 0
w 4336 1728 4336 1792 0
w 4336 2432 4336 2496 0
w 4336 2432 4464 2432 0
r 4336 2432 4336 2336 0 10000
f 4256 2512 4336 2512 32 1.5 0.02
R 4336 2336 4336 2288 0 0 40 5 0 0 0.5
w 4336 2560 4336 2592 0
g 4336 2640 4336 2672 0
w 4336 2592 4336 2640 0
w 4336 2528 4336 2560 0
w 4464 2432 4560 2432 0
w 4160 2512 4256 2512 0
w 4016 1632 4160 1632 0
w 4160 1632 4160 1808 0
w 4016 2160 4160 2160 0
w 4160 2160 4160 1904 0
w 3408 1808 3568 1808 0
w 3568 1808 3568 2240 0
w 3568 2240 3808 2240 0
w 3808 1808 3568 1808 0
w 3568 2240 3568 2512 0
w 4160 2512 3568 2512 0
w 3104 1888 3104 1552 0
w 3104 1552 3808 1552 0
w 3808 1552 3808 1712 0
w 3104 1984 3104 2336 0
w 3104 2336 3808 2336 0
