$ 1 0.000005 10.20027730826997 50 5 50
L 2720 1856 2656 1856 0 0 false 5 0
x 2691 1835 2764 1838 4 24 Input\s1
w 2720 1856 3360 1856 0
x 2707 2059 2795 2062 4 24 Address
L 2736 2080 2672 2080 0 0 false 5 0
w 2736 2080 2736 2272 0
w 2720 1728 3808 1728 0
x 2691 1707 2764 1710 4 24 Input\s0
L 2720 1728 2656 1728 0 0 false 5 0
g 2864 2128 2864 2160 0
w 2864 2096 2864 2128 0
R 2864 1968 2864 1920 0 0 40 5 0 0 0.5
f 2736 2080 2864 2080 32 1.5 0.02
r 2864 2064 2864 1968 0 10000
w 2864 2064 2928 2064 0
w 3072 2064 2928 2064 0
w 3888 1744 3888 1776 0
w 3888 1840 3888 1888 0
g 3888 1888 3888 1920 0
w 3888 1776 3888 1808 0
R 3888 1552 3888 1504 0 0 40 5 0 0 0.5
f 3808 1728 3888 1728 32 1.5 0.02
r 3888 1648 3888 1552 0 10000
f 3808 1824 3888 1824 32 1.5 0.02
w 3888 1648 4016 1648 0
w 3888 1648 3888 1712 0
w 3888 2160 3888 2224 0
w 3888 2160 4016 2160 0
f 3808 2336 3888 2336 32 1.5 0.02
r 3888 2160 3888 2064 0 10000
f 3808 2240 3888 2240 32 1.5 0.02
R 3888 2064 3888 2016 0 0 40 5 0 0 0.5
w 3888 2288 3888 2320 0
g 3888 2400 3888 2432 0
w 3888 2352 3888 2400 0
w 3888 2256 3888 2288 0
w 4368 1840 4368 1904 0
w 4368 1840 4496 1840 0
f 4288 2016 4368 2016 32 1.5 0.02
r 4368 1840 4368 1744 0 10000
f 4288 1920 4368 1920 32 1.5 0.02
R 4368 1744 4368 1696 0 0 40 5 0 0 0.5
w 4368 1968 4368 2000 0
g 4368 2080 4368 2112 0
w 4368 2032 4368 2080 0
w 4368 1936 4368 1968 0
x 4539 1811 4611 1814 4 24 Output
w 4496 1840 4592 1840 0
M 4592 1840 4672 1840 0 2.5
w 4016 1648 4192 1648 0
w 4192 1648 4192 1920 0
w 4192 1920 4288 1920 0
w 4016 2160 4192 2160 0
w 4192 2160 4192 2016 0
w 4192 2016 4288 2016 0
x 3421 1437 3515 1440 4 50 Mux
w 3808 2336 2736 2336 0
w 2736 2336 2736 2272 0
w 3072 2064 3680 2064 0
w 3680 2064 3680 1824 0
w 3680 1824 3808 1824 0
w 3808 2240 3360 2240 0
w 3360 2240 3360 1856 0
