$ 1 0.000005 10.20027730826997 50 5 50
g -4928 -448 -4928 -384 0
f -4880 -592 -4800 -592 32 1.5 0.02
r -4800 -736 -4800 -608 0 10000
g -4800 -576 -4800 -512 0
R -4800 -736 -4800 -784 0 0 40 5 0 0 0.5
x -4971 -509 -4958 -506 4 24 2
x -4683 -509 -4670 -506 4 24 1
g -4512 -576 -4512 -512 0
f -4592 -592 -4512 -592 32 1.5 0.02
g -4640 -448 -4640 -384 0
x -4379 -509 -4366 -506 4 24 0
R -4208 -736 -4208 -784 0 0 40 5 0 0 0.5
g -4208 -576 -4208 -512 0
r -4208 -736 -4208 -608 0 10000
f -4272 -592 -4208 -592 32 1.5 0.02
g -4336 -448 -4336 -384 0
w -4800 -608 -4736 -608 0
w -4736 -608 -4736 -1200 0
w -4736 -1200 -3984 -1200 0
w -4208 -608 -4128 -608 0
w -4128 -608 -4128 -1328 0
w -4512 -608 -4432 -608 0
w -4432 -608 -4432 -1264 0
w -4432 -1264 -3904 -1264 0
x -4082 -1342 -4069 -1339 4 24 0
x -4079 -1275 -4066 -1272 4 24 1
x -4078 -1207 -4065 -1204 4 24 2
w -4128 -1328 -3840 -1328 0
w -4272 -592 -4336 -592 0
w -4592 -592 -4640 -592 0
w -4880 -592 -4928 -592 0
w -4272 -592 -4272 -1056 0
w -4272 -1056 -3840 -1056 0
w -4592 -592 -4592 -976 0
w -3904 -976 -4592 -976 0
w -3728 -896 -4880 -896 0
w -4880 -592 -4880 -896 0
x -4093 -1070 -4056 -1067 4 24 N\s0
x -4089 -988 -4052 -985 4 24 N\s1
x -4089 -907 -4052 -904 4 24 N\s2
f -3168 -1616 -2928 -1616 32 1.5 0.02
w -2928 -1600 -2928 -1536 0
f -3056 -1520 -2928 -1520 32 1.5 0.02
g -2928 -1504 -2928 -1440 0
s -4336 -592 -4336 -448 0 0 false
s -4640 -592 -4640 -448 0 0 false
s -4928 -592 -4928 -448 0 0 false
w -3776 -976 -3616 -1728 0
w -3728 -896 -3584 -1520 0
g -2768 -1728 -2768 -1664 0
x -2642 -2069 -2629 -2066 4 24 1
x -2829 -2068 -2792 -2065 4 24 N\s1
M -2848 -2048 -2768 -2048 0 2.5
M -2672 -2048 -2592 -2048 0 2.5
w -2848 -1744 -2848 -2048 0
w -2672 -1760 -2672 -2048 0
w -2768 -1760 -2672 -1760 0
R -2768 -1888 -2768 -1936 0 0 40 5 0 0 0.5
r -2768 -1888 -2768 -1760 0 10000
f -2848 -1744 -2768 -1744 32 1.5 0.02
w -2928 -1712 -2928 -1632 0
R -2928 -1968 -2928 -2016 0 0 40 5 0 0 0.5
r -2928 -1968 -2928 -1840 0 10000
f -3152 -1728 -2928 -1728 32 1.5 0.02
w -2928 -1744 -2848 -1744 0
w -2224 -1744 -2144 -1744 0
f -2464 -1728 -2224 -1728 32 1.5 0.02
f -2400 -1632 -2224 -1632 32 1.5 0.02
w -2224 -1616 -2224 -1472 0
w -2224 -1712 -2224 -1648 0
f -2144 -1744 -2064 -1744 32 1.5 0.02
r -2064 -1888 -2064 -1760 0 10000
R -2064 -1888 -2064 -1936 0 0 40 5 0 0 0.5
w -2064 -1760 -1968 -1760 0
w -1968 -1760 -1968 -2048 0
w -2144 -1744 -2144 -2048 0
M -1968 -2048 -1888 -2048 0 2.5
M -2144 -2048 -2064 -2048 0 2.5
x -2125 -2068 -2088 -2065 4 24 N\s2
x -1938 -2069 -1925 -2066 4 24 2
g -2064 -1728 -2064 -1664 0
w -1472 -1760 -1392 -1760 0
f -1648 -1744 -1472 -1744 32 1.5 0.02
w -1472 -1728 -1472 -1664 0
f -1392 -1760 -1312 -1760 32 1.5 0.02
r -1312 -1904 -1312 -1776 0 10000
R -1312 -1904 -1312 -1952 0 0 40 5 0 0 0.5
w -1312 -1776 -1216 -1776 0
w -1216 -1776 -1216 -2064 0
w -1392 -1760 -1392 -2064 0
M -1216 -2064 -1136 -2064 0 2.5
M -1392 -2064 -1312 -2064 0 2.5
x -1373 -2084 -1336 -2081 4 24 N\s3
x -1186 -2085 -1173 -2082 4 24 3
g -1312 -1744 -1312 -1680 0
w -3840 -1328 -3296 -1328 0
w -3168 -1616 -3296 -1328 0
w -3840 -1056 -2208 -1072 0
w -2400 -1632 -2208 -1072 0
w -3904 -1264 -2464 -1264 0
w -2464 -1728 -2464 -1264 0
w -2928 -1536 -2224 -1472 0
w -3616 -1728 -3152 -1728 0
g -3440 -432 -3440 -384 0
x -3314 -773 -3301 -770 4 24 4
x -3501 -772 -3464 -769 4 24 N\s4
M -3520 -752 -3440 -752 0 2.5
M -3344 -752 -3264 -752 0 2.5
g -3600 -224 -3600 -160 0
w -3520 -448 -3520 -752 0
w -3344 -464 -3344 -752 0
w -3440 -464 -3344 -464 0
R -3440 -592 -3440 -640 0 0 40 5 0 0 0.5
r -3440 -592 -3440 -464 0 10000
f -3520 -448 -3440 -448 32 1.5 0.02
w -3600 -416 -3600 -352 0
f -3984 -240 -3600 -240 32 1.5 0.02
w -3600 -320 -3600 -256 0
f -3904 -336 -3600 -336 32 1.5 0.02
f -3840 -432 -3600 -432 32 1.5 0.02
w -3600 -448 -3520 -448 0
w -3584 -1520 -3056 -1520 0
w -2928 -1632 -2848 -1632 0
w -2848 -1632 -2784 -1472 0
w -2784 -1472 -1472 -1216 0
w -1472 -1216 -1472 -1664 0
w -2880 -448 -2800 -448 0
f -3168 -432 -2880 -432 32 1.5 0.02
w -2880 -416 -2880 -352 0
f -2800 -448 -2720 -448 32 1.5 0.02
r -2720 -592 -2720 -464 0 10000
R -2720 -592 -2720 -640 0 0 40 5 0 0 0.5
w -2720 -464 -2624 -464 0
w -2624 -464 -2624 -752 0
w -2800 -448 -2800 -752 0
M -2624 -752 -2544 -752 0 2.5
M -2800 -752 -2720 -752 0 2.5
x -2781 -772 -2744 -769 4 24 N\s5
x -2594 -773 -2581 -770 4 24 5
g -2720 -432 -2720 -384 0
w -2176 -464 -2096 -464 0
f -2336 -448 -2176 -448 32 1.5 0.02
f -2448 -352 -2176 -352 32 1.5 0.02
w -2176 -432 -2176 -368 0
f -2096 -464 -2016 -464 32 1.5 0.02
r -2016 -608 -2016 -480 0 10000
R -2016 -608 -2016 -656 0 0 40 5 0 0 0.5
w -2016 -480 -1920 -480 0
w -1920 -480 -1920 -768 0
w -2096 -464 -2096 -768 0
M -1920 -768 -1840 -768 0 2.5
M -2096 -768 -2016 -768 0 2.5
x -2077 -788 -2040 -785 4 24 N\s6
x -1890 -789 -1877 -786 4 24 6
g -2016 -448 -2016 -400 0
w -1440 -480 -1360 -480 0
f -1680 -464 -1440 -464 32 1.5 0.02
w -1440 -448 -1440 -368 0
f -1360 -480 -1280 -480 32 1.5 0.02
r -1280 -624 -1280 -496 0 10000
R -1280 -624 -1280 -672 0 0 40 5 0 0 0.5
w -1280 -496 -1184 -496 0
w -1184 -496 -1184 -784 0
w -1360 -480 -1360 -784 0
M -1184 -784 -1104 -784 0 2.5
M -1360 -784 -1280 -784 0 2.5
x -1341 -804 -1304 -801 4 24 N\s7
x -1154 -805 -1141 -802 4 24 7
g -1280 -464 -1280 -416 0
w -3984 -1200 -3984 -240 0
w -3600 -256 -2880 -256 0
w -2880 -256 -2176 -256 0
w -2176 -336 -2176 -256 0
w -3904 -336 -3904 -976 0
w -3840 -432 -3840 -1056 0
w -3904 -976 -3776 -976 0
w -3600 -352 -2880 -352 0
w -3296 -1328 -3168 -432 0
w -2464 -1264 -2448 -352 0
w -2176 -368 -1440 -368 0
w -3168 -432 -3120 -160 0
w -3120 -160 -1760 -160 0
w -1680 -464 -1760 -160 0
w -2208 -1072 -2336 -448 0
w -2464 -1264 -1648 -1744 0
x -3005 -1636 -2992 -1633 4 24 0
x -2961 -452 -2948 -449 4 24 0
x -1511 -487 -1498 -484 4 24 0
x -2290 -1746 -2277 -1743 4 24 1
x -1537 -1762 -1524 -1759 4 24 1
x -2242 -370 -2229 -367 4 24 1
x -3663 -260 -3650 -257 4 24 2
x -2306 -1655 -2269 -1652 4 24 N\s0
x -3682 -455 -3645 -452 4 24 N\s0
x -2260 -472 -2223 -469 4 24 N\s0
x -3681 -352 -3644 -349 4 24 N\s1
x -3013 -1749 -2976 -1746 4 24 N\s1
x -3021 -1533 -2984 -1530 4 24 N\s2
r -4512 -768 -4512 -608 0 10000
R -4512 -768 -4512 -816 0 0 40 5 0 0 0.5
R -4640 -784 -4640 -832 0 0 40 5 0 0 0.5
r -4640 -784 -4640 -688 0 10000
162 -4640 -688 -4640 -592 2 default-led 1 0 0 0.01
162 -4928 -688 -4928 -592 2 default-led 1 0 0 0.01
r -4928 -784 -4928 -688 0 10000
R -4928 -784 -4928 -832 0 0 40 5 0 0 0.5
162 -4336 -688 -4336 -592 2 default-led 1 0 0 0.01
r -4336 -784 -4336 -688 0 10000
R -4336 -784 -4336 -832 0 0 40 5 0 0 0.5
162 -2928 -1840 -2928 -1744 2 default-led 1 0 0 0.01
162 -2224 -1840 -2224 -1744 2 default-led 1 0 0 0.01
r -2224 -1968 -2224 -1840 0 10000
R -2224 -1968 -2224 -2016 0 0 40 5 0 0 0.5
162 -1472 -1856 -1472 -1760 2 default-led 1 0 0 0.01
r -1472 -1984 -1472 -1856 0 10000
R -1472 -1984 -1472 -2032 0 0 40 5 0 0 0.5
162 -3600 -544 -3600 -448 2 default-led 1 0 0 0.01
r -3600 -672 -3600 -544 0 10000
R -3600 -672 -3600 -720 0 0 40 5 0 0 0.5
162 -2880 -544 -2880 -448 2 default-led 1 0 0 0.01
r -2880 -672 -2880 -544 0 10000
R -2880 -672 -2880 -720 0 0 40 5 0 0 0.5
162 -2176 -560 -2176 -464 2 default-led 1 0 0 0.01
r -2176 -688 -2176 -560 0 10000
R -2176 -688 -2176 -736 0 0 40 5 0 0 0.5
162 -1440 -576 -1440 -480 2 default-led 1 0 0 0.01
r -1440 -704 -1440 -576 0 10000
R -1440 -704 -1440 -752 0 0 40 5 0 0 0.5
M 1136 -1552 1216 -1552 0 2.5
x 1151 -1570 1197 -1567 4 24 CLK
x 1157 -1503 1190 -1500 4 24 RE
M 1136 -1488 1216 -1488 0 2.5
M 1136 -1424 1216 -1424 0 2.5
x 1157 -1439 1191 -1436 4 24 RD
x 1157 -1375 1195 -1372 4 24 WE
M 1136 -1360 1216 -1360 0 2.5
M 1136 -1296 1216 -1296 0 2.5
x 1157 -1311 1196 -1308 4 24 WD
x 1151 -1250 1199 -1247 4 24 RST
M 1136 -1232 1216 -1232 0 2.5
M 1136 -704 1216 -704 0 2.5
x 1151 -722 1199 -719 4 24 RST
x 1157 -783 1196 -780 4 24 WD
M 1136 -768 1216 -768 0 2.5
M 1136 -832 1216 -832 0 2.5
x 1157 -847 1195 -844 4 24 WE
x 1157 -911 1191 -908 4 24 RD
M 1136 -896 1216 -896 0 2.5
M 1136 -960 1216 -960 0 2.5
x 1157 -975 1190 -972 4 24 RE
x 1151 -1042 1197 -1039 4 24 CLK
M 1136 -1024 1216 -1024 0 2.5
w 1136 -1024 1040 -1024 0
w 1040 -1024 1040 -1552 0
w 1136 -1552 1040 -1552 0
w 1040 -1552 128 -1552 0
L 128 -1552 16 -1552 0 0 false 5 0
x 48 -1569 94 -1566 4 24 CLK
L 144 -704 32 -704 0 0 false 5 0
w 1136 -1232 944 -1232 0
w 944 -1232 944 -704 0
w 1136 -704 944 -704 0
w 944 -704 144 -704 0
x 67 -728 115 -725 4 24 RST
