$ 1 0.000005 10.20027730826997 50 5 50
M 2352 -1584 2432 -1584 0 2.5
x 2367 -1602 2413 -1599 4 24 CLK
x 2373 -1535 2406 -1532 4 24 RE
M 2352 -1520 2432 -1520 0 2.5
M 2352 -1456 2432 -1456 0 2.5
x 2373 -1471 2407 -1468 4 24 RD
x 2373 -1407 2411 -1404 4 24 WE
M 2352 -1392 2432 -1392 0 2.5
M 2352 -1328 2432 -1328 0 2.5
x 2373 -1343 2412 -1340 4 24 WD
x 2367 -1282 2415 -1279 4 24 RST
M 2352 -1264 2432 -1264 0 2.5
M 2352 -736 2432 -736 0 2.5
x 2367 -754 2415 -751 4 24 RST
x 2373 -815 2412 -812 4 24 WD
M 2352 -800 2432 -800 0 2.5
M 2352 -864 2432 -864 0 2.5
x 2373 -879 2411 -876 4 24 WE
x 2373 -943 2407 -940 4 24 RD
M 2352 -928 2432 -928 0 2.5
M 2352 -992 2432 -992 0 2.5
x 2373 -1007 2406 -1004 4 24 RE
x 2367 -1074 2413 -1071 4 24 CLK
M 2352 -1056 2432 -1056 0 2.5
w 2352 -1056 2256 -1056 0
w 2256 -1056 2256 -1584 0
w 2352 -1584 2256 -1584 0
w 2256 -1696 -656 -1696 0
L -656 -1696 -768 -1696 0 0 false 5 0
x -736 -1713 -690 -1710 4 24 CLK
L -688 1168 -800 1168 0 0 false 5 0
w 2352 -1264 2160 -1264 0
w 2160 -1264 2160 -736 0
w 2352 -736 2160 -736 0
w 2144 1152 -688 1168 0
x -765 1144 -717 1147 4 24 RST
R -416 -1536 -416 -1584 0 0 40 5 0 0 0.5
r -416 -1536 -416 -1408 0 10000
162 -416 -1408 -416 -1312 2 default-led 1 0 0 0.01
x -474 -1354 -441 -1351 4 24 RE
w -416 -1280 -416 -1200 0
f -656 -1296 -416 -1296 32 1.5 0.02
w -416 -1312 -336 -1312 0
x -736 -1313 -703 -1310 4 24 RE
L -656 -1296 -768 -1296 0 0 false 5 0
L -656 -656 -768 -656 0 0 false 5 0
x -736 -673 -702 -670 4 24 RD
g -416 -1200 -416 -1152 0
g 272 -1248 272 -1200 0
w 272 -1376 400 -1376 0
f -96 -1360 272 -1360 32 1.5 0.02
w 272 -1344 272 -1248 0
r 272 -1504 272 -1376 0 10000
R 272 -1504 272 -1552 0 0 40 5 0 0 0.5
w 400 -1296 400 -1248 0
f 176 -1312 400 -1312 32 1.5 0.02
w 400 -1376 480 -1376 0
w 400 -1328 400 -1376 0
w 400 -1248 272 -1248 0
w 400 -832 272 -832 0
w 400 -912 400 -960 0
w 400 -960 480 -960 0
f 176 -896 400 -896 32 1.5 0.02
w 400 -880 400 -832 0
R 272 -1088 272 -1136 0 0 40 5 0 0 0.5
r 272 -1088 272 -960 0 10000
w 272 -928 272 -832 0
f 16 -944 272 -944 32 1.5 0.02
w 272 -960 400 -960 0
g 272 -832 272 -784 0
w 176 -896 176 -1312 0
w 176 -1312 -336 -1312 0
w 160 -256 -352 -256 0
w 160 160 160 -256 0
g 256 224 256 272 0
w 256 96 384 96 0
f 16 112 256 112 32 1.5 0.02
w 256 128 256 224 0
r 256 -32 256 96 0 10000
R 256 -32 256 -80 0 0 40 5 0 0 0.5
w 384 176 384 224 0
f 160 160 384 160 32 1.5 0.02
w 384 96 672 96 0
w 384 144 384 96 0
w 384 224 256 224 0
w 384 -192 256 -192 0
w 384 -272 384 -320 0
w 384 -320 576 -320 0
f 160 -256 384 -256 32 1.5 0.02
w 384 -240 384 -192 0
R 256 -448 256 -496 0 0 40 5 0 0 0.5
r 256 -448 256 -320 0 10000
w 256 -288 256 -192 0
f -96 -304 256 -304 32 1.5 0.02
w 256 -320 384 -320 0
g 256 -192 256 -144 0
g -432 -144 -432 -96 0
L -672 -240 -784 -240 0 0 false 5 0
x -752 -257 -714 -254 4 24 WE
w -432 -256 -352 -256 0
f -672 -240 -432 -240 32 1.5 0.02
w -432 -224 -432 -144 0
x -499 -292 -461 -289 4 24 WE
162 -432 -352 -432 -256 2 default-led 1 0 0 0.01
r -432 -480 -432 -352 0 10000
R -432 -480 -432 -528 0 0 40 5 0 0 0.5
M -672 400 -784 400 0 2.5
x -748 374 -709 377 4 24 WD
R -448 592 -448 544 0 0 40 5 0 0 0.5
r -448 592 -448 720 0 10000
162 -448 720 -448 816 2 default-led 1 0 0 0.01
x -522 777 -472 780 4 24 ADR
w -448 848 -448 928 0
f -688 832 -448 832 32 1.5 0.02
w -448 816 -368 816 0
x -768 815 -718 818 4 24 ADR
L -688 832 -800 832 0 0 false 5 0
g -448 928 -448 976 0
w -368 816 16 816 0
w -688 832 -688 496 0
w -688 496 -96 496 0
w 16 112 16 816 0
w 16 112 16 -944 0
w -96 496 -96 -304 0
w -96 -304 -96 -1360 0
g 1088 272 1088 320 0
w 1088 144 1216 144 0
f 928 160 1088 160 32 1.5 0.02
w 1088 176 1088 272 0
r 1088 -80 1088 48 0 10000
R 1088 -80 1088 -128 0 0 40 5 0 0 0.5
w 1216 224 1216 272 0
f 992 208 1216 208 32 1.5 0.02
w 1216 192 1216 144 0
w 1216 272 1088 272 0
g 1360 240 1360 288 0
w 1360 128 1440 128 0
f 1216 144 1360 144 32 1.5 0.02
w 1360 160 1360 240 0
r 1360 0 1360 128 0 10000
R 1360 0 1360 -48 0 0 40 5 0 0 0.5
w -672 400 1440 400 0
w 1440 128 1440 400 0
w 2160 -736 2144 1152 0
w 2256 -1696 2256 -1584 0
w 928 160 928 -1328 0
w 2352 -1328 928 -1328 0
w 2352 -800 992 -800 0
w 992 208 992 -800 0
w -656 -656 1968 -656 0
w 2352 -928 1968 -928 0
w 1968 -928 1968 -1456 0
w 2352 -1456 1968 -1456 0
w 1968 -928 1968 -656 0
w 2352 -1520 480 -1520 0
w 480 -1520 480 -1376 0
w 2352 -992 480 -992 0
w 480 -960 480 -992 0
w 2352 -1392 576 -1392 0
w 576 -1392 576 -320 0
w 2352 -864 672 -864 0
w 672 -864 672 96 0
g -256 -768 -256 -720 0
f -656 -864 -256 -864 32 1.5 0.02
w -256 -848 -256 -768 0
x -314 -922 -280 -919 4 24 RD
162 -256 -976 -256 -880 2 default-led 1 0 0 0.01
r -256 -1104 -256 -976 0 10000
R -256 -1104 -256 -1152 0 0 40 5 0 0 0.5
w -656 -656 -656 -864 0
162 1088 48 1088 144 2 default-led 1 0 0 0.01
x 1119 106 1158 109 4 24 WD
