$ 1 0.000005 10.20027730826997 50 5 50
w 2368 464 2496 464 0
w 2256 672 2256 656 0
r 2256 512 2256 320 0 10000
f 2176 688 2256 688 32 1.5 0.02
f 2176 544 2256 544 32 1.5 0.02
w 2256 512 2256 528 0
f 2304 608 2368 608 32 1.5 0.02
w 2368 592 2368 464 0
w 2368 624 2368 656 0
w 2256 656 2256 560 0
w 2256 656 2368 656 0
w 2112 544 2176 544 0
r 2112 544 2112 320 0 10000
f 2032 560 2112 560 32 1.5 0.02
w 2032 560 2032 608 0
w 2176 688 2032 688 0
r 2368 464 2368 320 0 10000
w 2640 528 2640 560 0
f 2560 576 2640 576 32 1.5 0.02
f 2560 512 2640 512 32 1.5 0.02
r 2640 496 2640 320 0 10000
w 2640 496 2768 496 0
w 2896 512 2896 560 0
f 2816 576 2896 576 32 1.5 0.02
f 2816 496 2896 496 32 1.5 0.02
r 2896 368 2896 208 0 10000
w 2896 480 2960 480 0
R 2112 320 2112 272 0 0 40 5 0 0 0.5
w 2560 576 2560 736 0
w 2560 736 2960 736 0
w 2960 480 2960 736 0
w 2816 496 2768 496 0
w 2416 576 2416 512 0
w 2560 512 2496 512 0
w 2816 576 2816 704 0
w 2816 704 2416 704 0
w 2416 576 2416 704 0
w 2768 496 2768 944 0
x 1999 674 2016 677 4 24 C
x 2000 544 2017 547 4 24 D
x 1998 924 2016 927 4 24 Q
w 2496 464 2496 512 0
w 2032 608 2304 608 0
w 2416 512 2256 512 0
x 2434 229 2643 232 4 50 D-Trigger
w 2896 592 2896 816 0
w 2640 592 2640 816 0
w 2256 704 2256 736 0
w 2112 576 2112 704 0
R 2256 320 2256 272 0 0 40 5 0 0 0.5
R 2368 320 2368 272 0 0 40 5 0 0 0.5
R 2640 320 2640 272 0 0 40 5 0 0 0.5
R 2896 208 2896 160 0 0 40 5 0 0 0.5
g 2112 704 2112 752 0
g 2256 736 2256 784 0
g 2640 816 2640 864 0
g 2896 816 2896 864 0
f 2032 1360 2112 1360 32 1.5 0.02
w 2112 944 2112 1344 0
g 2112 1376 2112 1424 0
L 528 1360 400 1360 0 1 false 5 0
x 1997 1341 2014 1344 4 24 R
w 2112 944 2768 944 0
w 1904 944 2112 944 0
M 560 1136 416 1136 0 2.5
w 480 272 560 272 0
w 976 912 976 1136 0
w 560 1136 976 1136 0
f 736 928 880 928 32 1.5 0.02
g 880 944 880 1088 0
r 880 912 880 768 0 10000
w 880 912 976 912 0
R 880 768 880 720 0 0 40 5 0 0 0.5
w 624 1008 624 1184 0
w 880 1184 624 1184 0
L 560 944 416 944 0 0 false 5 0
w 1904 1184 1024 1184 0
w 880 240 1776 240 0
x -100 61 38 64 4 24 Read\sEnable
L 16 448 -128 448 0 1 false 5 0
w 2032 688 1616 688 0
L 16 96 -128 96 0 1 false 5 0
r 736 816 736 672 0 10000
g 736 1024 736 1088 0
f 560 944 736 944 32 1.5 0.02
f 624 1008 736 1008 32 1.5 0.02
w 736 960 736 992 0
R 736 672 736 624 0 0 40 5 0 0 0.5
x 380 902 516 905 4 24 Write\sEnable
w 592 160 672 160 0
r 592 160 592 80 0 10000
g 672 352 672 416 0
f 400 176 592 176 32 1.5 0.02
f 560 272 672 272 32 1.5 0.02
w 672 192 672 256 0
R 592 80 592 32 0 0 40 5 0 0 0.5
x -93 419 21 422 4 24 Read\sData
x 1022 -169 1208 -166 4 50 Register
w 528 1360 1648 1360 0
w 1648 1360 2032 1360 0
x 433 1340 495 1343 4 24 Reset
w 2032 560 1776 560 0
w 1776 560 1776 240 0
w 592 -64 1616 -64 0
w 1616 688 1616 -64 0
w 1904 944 1904 1184 0
162 736 816 736 880 2 default-led 1 0 0 0.01
w 1024 1184 880 1184 0
x 764 855 803 858 4 24 WD
x 2938 407 2988 410 4 24 Data
162 2896 368 2896 432 2 default-led 1 0 0 0.01
x 199 409 233 412 4 24 RD
162 160 368 160 432 2 default-led 1 0 0 0.01
f 16 448 160 448 32 1.5 0.02
g 160 464 160 544 0
r 160 368 160 288 0 10000
R 160 288 160 240 0 0 40 5 0 0 0.5
R 160 -64 160 -112 0 0 40 5 0 0 0.5
r 160 16 160 -64 0 10000
g 160 112 160 192 0
f 16 96 160 96 32 1.5 0.02
162 160 16 160 80 2 default-led 1 0 0 0.01
x 189 53 222 56 4 24 RE
L 592 -64 448 -64 0 0 false 5 0
x 474 -91 534 -88 4 24 Clock
w 2896 432 2896 480 0
w 736 880 736 928 0
x 1223 553 1261 556 4 24 WE
162 1184 512 1184 576 2 default-led 1 0 0 0.01
f 1040 592 1184 592 32 1.5 0.02
g 1184 608 1184 688 0
r 1184 512 1184 432 0 10000
R 1184 432 1184 384 0 0 40 5 0 0 0.5
w 560 944 560 592 0
w 560 592 1040 592 0
w 672 160 880 160 0
w 880 160 880 240 0
w 400 80 400 176 0
w 160 432 480 432 0
w 480 432 480 272 0
w 672 160 672 192 0
w 672 288 672 352 0
w 592 192 592 352 0
w 592 352 672 352 0
x 370 1091 482 1094 4 24 Write\sData
w 160 80 400 80 0
