$ 1 0.000005 10.20027730826997 50 5 50
w 2368 464 2496 464 0
w 2256 672 2256 656 0
r 2256 512 2256 320 0 10000
f 2176 688 2256 688 32 1.5 0.02
f 2176 544 2256 544 32 1.5 0.02
w 2256 512 2256 528 0
f 2304 608 2368 608 32 1.5 0.02
w 2368 592 2368 464 0
w 2368 624 2368 656 0
w 2256 656 2256 560 0
w 2256 656 2368 656 0
w 2112 544 2176 544 0
r 2112 544 2112 320 0 10000
f 2032 560 2112 560 32 1.5 0.02
w 2032 560 2032 608 0
w 2176 688 2032 688 0
r 2368 464 2368 320 0 10000
w 2640 528 2640 560 0
f 2560 576 2640 576 32 1.5 0.02
f 2560 512 2640 512 32 1.5 0.02
r 2640 496 2640 320 0 10000
w 2640 496 2768 496 0
w 2896 512 2896 560 0
f 2816 576 2896 576 32 1.5 0.02
f 2816 496 2896 496 32 1.5 0.02
r 2896 480 2896 320 0 10000
w 2896 480 2960 480 0
R 2112 320 2112 272 0 0 40 5 0 0 0.5
w 2560 576 2560 736 0
w 2560 736 2960 736 0
w 2960 480 2960 736 0
w 2816 496 2768 496 0
w 2416 576 2416 512 0
w 2560 512 2496 512 0
w 2816 576 2816 704 0
w 2816 704 2416 704 0
w 2416 576 2416 704 0
M 2048 944 1968 944 0 2.5
w 2768 496 2768 944 0
x 1999 674 2016 677 4 24 C
x 2000 544 2017 547 4 24 D
x 1994 1000 2030 1003 4 24 NQ
x 1998 924 2016 927 4 24 Q
w 2496 464 2496 512 0
w 2032 608 2304 608 0
w 2416 512 2256 512 0
x 2434 229 2643 232 4 50 D-Trigger
w 2896 592 2896 816 0
w 2640 592 2640 816 0
w 2256 704 2256 736 0
w 2112 576 2112 704 0
R 2256 320 2256 272 0 0 40 5 0 0 0.5
R 2368 320 2368 272 0 0 40 5 0 0 0.5
R 2640 320 2640 272 0 0 40 5 0 0 0.5
R 2896 320 2896 272 0 0 40 5 0 0 0.5
g 2112 704 2112 752 0
g 2256 736 2256 784 0
g 2640 816 2640 864 0
g 2896 816 2896 864 0
f 2032 832 2112 832 32 1.5 0.02
w 2176 816 2176 944 0
g 2112 848 2112 896 0
L 480 1360 416 1360 0 0 false 5 0
x 1997 813 2014 816 4 24 R
w 2176 944 2768 944 0
w 2048 944 2176 944 0
w 2112 816 2176 816 0
w 2560 736 2560 1024 0
w 1904 1024 2560 1024 0
M 560 800 416 800 0 2.5
w 592 400 656 400 0
w 912 800 912 912 0
w 560 800 912 800 0
x 448 770 560 773 4 24 Write\sData
f 736 928 816 928 32 1.5 0.02
g 816 944 816 1088 0
r 816 912 816 768 0 10000
w 816 912 912 912 0
R 816 768 816 720 0 0 40 5 0 0 0.5
w 624 1008 624 1184 0
w 880 1184 624 1184 0
L 560 944 416 944 0 0 false 5 0
w 1904 1184 880 1184 0
w 864 464 1776 464 0
w 864 256 864 464 0
x 476 237 590 240 4 24 Read\sData
L 592 400 448 400 0 0 false 5 0
w 656 400 656 592 0
w 2032 688 1664 688 0
L 592 272 448 272 0 0 false 5 0
r 736 928 736 768 0 10000
g 736 1024 736 1088 0
f 560 944 736 944 32 1.5 0.02
f 624 1008 736 1008 32 1.5 0.02
w 736 960 736 992 0
R 736 768 736 720 0 0 40 5 0 0 0.5
x 443 917 498 920 4 24 Write
w 768 256 864 256 0
r 768 256 768 176 0 10000
g 768 416 768 480 0
f 592 272 768 272 32 1.5 0.02
f 656 400 768 400 32 1.5 0.02
w 768 288 768 384 0
R 768 176 768 128 0 0 40 5 0 0 0.5
x 483 371 540 374 4 24 Read
x 692 33 878 36 4 50 Register
w 480 1360 1648 1344 0
w 1648 1344 1648 832 0
w 1648 832 2032 832 0
x 451 1326 468 1329 4 24 R
w 2032 560 1776 560 0
w 1776 560 1776 464 0
w 656 592 1664 592 0
w 1664 592 1664 688 0
w 1904 1024 1904 1184 0
